184 8
201 6
274 13
42 6
354 2
307 23
131 19
219 13
9 2
252 17
8 1
66 13
334 31
322 8
257 27
10 25
321 32
20 35
251 2
147 4
370 26
217 39
85 2
266 30
56 4
230 2
282 27
92 5
171 2
84 21
155 12
36 29
73 36
51 26
328 1
351 27
133 5
343 23
187 1
298 26
253 12
46 1
320 19
173 1
43 5
178 28
301 30
335 26
117 3
260 29
237 12
361 3
174 6
57 1
289 14
249 28
225 33
359 4
362 1
379 2
271 30
63 2
106 13
26 36
214 8
28 20
167 12
82 23
222 18
62 10
341 5
324 25
130 14
149 16
14 12
65 16
126 30
382 6
244 10
309 3
103 28
90 25
269 4
378 7
29 19
166 17
142 1
19 3
185 1
58 5
128 26
132 2
304 40
72 32
285 2
352 6
64 9
183 15
154 11
55 8
270 1
112 6
13 2
380 7
152 15
190 33
115 1
258 23
140 2
360 8
327 2
150 5
95 4
125 25
75 18
49 14
107 1
119 5
44 4
224 8
365 7
118 2
94 17
188 2
129 12
333 4
7 17
369 7
113 18
193 1
159 10
114 2
5 26
41 17
168 1
169 24
331 13
165 5
358 4
143 35
33 18
246 4
205 1
329 15
60 21
220 3
286 18
153 32
223 19
336 32
48 31
200 26
15 22
254 16
300 22
338 21
53 2
161 4
229 3
91 15
158 2
310 4
325 9
34 5
204 17
86 1
376 7
122 17
170 14
157 8
101 25
339 13
207 6
164 23
241 1
69 29
228 22
17 2
47 10
268 23
16 14
110 25
256 13
234 15
135 3
218 5
275 37
70 18
311 28
172 20
344 5
248 19
279 20
377 7
203 22
314 3
191 9
148 12
93 27
221 27
262 16
337 31
23 17
98 21
281 8
6 13
240 37
120 36
231 25
116 2
276 10
239 3
162 1
182 18
296 21
22 1
12 18
255 27
384 34
349 21
3 3
146 11
247 29
2 3
226 10
326 15
199 31
160 19
121 16
139 14
340 30
39 37
18 20
31 37
45 10
287 17
96 14
288 23
363 12
76 5
313 2
21 12
236 1
294 20
374 34
297 8
385 15
111 13
180 32
295 24
291 38
163 6
79 23
74 1
194 2
141 5
315 2
368 7
87 18
35 22
209 1
373 8
350 14
4 24
383 5
192 11
179 3
202 22
375 12
215 16
280 24
259 19
243 11
24 23
278 35
273 20
318 5
216 17
68 21
189 6
357 2
78 1
102 6
302 20
250 15
40 1
345 17
175 11
89 33
233 24
136 2
71 19
303 39
137 1
235 3
52 20
227 21
37 6
293 35
197 26
277 8
81 32
284 2
105 3
292 23
27 13
198 36
264 20
355 2
206 28
104 1
316 1
67 14
213 24
267 14
265 11
330 29
30 28
319 3
346 19
212 5
100 8
151 10
1 20
306 5
196 6
156 9
77 15
347 10
356 29
32 13
238 2
11 9
97 10
108 17
181 9
59 17
245 25
366 7
99 2
232 3
25 24
54 1
138 1
283 2
208 4
367 7
342 17
145 31
186 8
323 33
242 27
290 4
305 15
83 36
261 15
123 32
50 16
263 18
134 23
308 19
348 11
38 9
144 9
211 6
109 15
381 4
312 4
353 3
372 34
177 20
88 38
364 7
127 11
210 26
195 6
299 9
317 28
176 3
61 16
371 34
272 35
332 26
80 3
124 13
