297 12
256 10
280 15
105 6
314 3
28 8
71 19
304 36
171 2
5 26
196 8
311 20
145 24
326 14
122 14
132 2
170 28
172 23
112 9
272 26
366 7
152 15
382 7
8 1
176 3
343 19
51 25
179 3
25 26
182 29
321 29
302 21
250 14
111 15
290 4
284 2
53 2
377 7
123 23
150 5
125 27
115 1
39 30
364 7
190 31
13 2
119 5
188 2
139 13
169 20
177 21
264 15
141 6
95 3
47 12
32 13
228 24
378 7
337 30
327 2
33 18
24 23
255 27
265 11
109 17
146 6
58 5
166 24
349 29
267 13
205 1
110 27
211 8
214 15
227 17
192 9
308 16
184 11
381 4
336 35
3 3
323 31
325 6
30 15
160 12
62 21
70 18
303 31
276 16
352 15
313 2
131 20
376 7
128 26
201 8
136 2
233 22
191 23
116 2
60 22
217 39
310 3
370 26
118 2
151 30
40 1
31 33
330 31
212 16
200 26
375 11
127 9
64 10
73 41
14 12
156 11
55 8
7 13
175 9
220 4
318 5
48 23
209 1
263 9
69 28
84 19
281 6
350 14
203 21
259 26
54 1
102 8
6 15
216 6
181 3
178 23
26 14
344 5
257 8
283 2
316 1
163 10
295 17
279 20
155 11
41 12
189 4
43 5
338 35
186 8
351 28
75 24
202 26
236 1
339 13
49 14
50 15
86 1
268 19
46 1
360 10
231 27
129 11
234 17
328 1
198 32
17 2
103 33
154 9
365 7
331 21
57 1
315 2
66 15
374 37
180 30
101 20
299 10
245 24
157 6
98 18
222 5
373 6
204 24
213 36
21 25
121 16
174 8
335 26
340 32
99 2
10 28
164 25
140 2
100 11
353 4
286 18
108 14
144 10
355 2
298 26
385 22
368 7
239 4
79 20
89 24
18 34
249 38
29 32
137 1
278 26
254 16
359 3
300 21
288 19
113 13
253 11
320 16
371 39
91 22
345 14
347 8
380 5
2 3
133 8
356 31
341 5
76 18
63 2
147 12
208 12
159 12
292 19
149 8
242 28
305 22
240 25
215 30
59 24
158 2
235 4
135 12
56 3
77 22
342 29
307 33
354 2
20 16
361 3
332 14
44 11
334 30
97 4
142 1
114 2
82 17
37 6
238 2
285 2
85 2
319 4
244 25
120 33
262 18
94 24
16 18
165 5
161 14
309 4
80 4
369 7
306 5
275 25
67 13
207 27
273 20
168 1
243 9
358 3
61 25
126 5
107 1
68 4
383 6
93 32
293 37
379 2
363 11
218 5
324 19
96 10
4 17
87 18
296 23
230 2
183 15
167 11
104 1
185 1
269 4
277 6
258 17
271 31
1 11
34 5
294 8
45 14
199 32
117 6
74 1
221 28
12 19
162 1
38 10
92 5
187 1
72 34
88 35
197 28
266 18
90 27
194 2
195 7
372 36
229 3
287 29
282 16
223 12
206 29
241 1
106 12
124 17
219 17
42 8
247 31
19 4
248 19
237 11
301 33
246 3
226 13
225 16
232 5
312 3
357 2
83 6
333 3
78 1
134 15
384 40
252 20
322 3
9 2
251 2
270 1
224 6
261 13
329 22
173 1
36 28
289 13
193 1
153 29
210 26
52 9
138 1
130 13
348 9
81 25
65 35
143 26
274 3
291 34
346 19
367 7
27 13
23 19
148 11
260 27
11 10
22 1
35 21
362 1
15 21
317 24
